[Main]
fRiskMin = 0.000000
fRiskMax = 0.000000
fRiskMod = 0.000000
fLossXP = 0.000000
fLossGold = 0.000000
